ndim,2
ndof,3
coor, 11
 1,  0.0,  0.0
 2,  1.0,  0.0
 3,  2.0,  0.0
 4,  3.0,  0.0
 5,  4.0,  0.0
 6,  5.0,  0.0
 7,  6.0,  0.0
 8,  7.0,  0.0
 9,  8.0,  0.0
10,  9.0,  0.0
11,  10.0,  0.0
elemdata,1
1,1,0.0,12.5663706143592,12.5663706143592,79577.0,0.0,1.0,0.0,0.0,0.0,0.0
elems,10
1,1,1,1,2
2,1,1,2,3
3,1,1,3,4
4,1,1,4,5
5,1,1,5,6
6,1,1,6,7
7,1,1,7,8
8,1,1,8,9
9,1,1,9,10
10,1,1,10,11
bound,3
1,1,0.0
1,2,0.0
1,3,0.0
force,1
11,3, -62.8318530717959e4
output,2
11,1
11,2
arclength,ON
50
0.05