ndim,2
ndof,3
coor,21
 1,  0.0,  0.0
 2,  0.5,  0.0
 3,  1.0,  0.0
 4,  1.5,  0.0
 5,  2.0,  0.0
 6,  2.5,  0.0
 7,  3.0,  0.0
 8,  3.5,  0.0
 9,  4.0,  0.0
10,  4.5,  0.0
11,  5.0,  0.0
12,  5.5,  0.0
13,  6.0,  0.0
14,  6.5,  0.0
15,  7.0,  0.0
16,  7.5,  0.0
17,  8.0,  0.0
18,  8.5,  0.0
19,  9.0,  0.0
20,  9.5,  0.0
21, 10.0,  0.0
elemdata,1
1,1,0.0,0.125663706143592,0.00125663706143592,79577.0,0.0,1.0,0.0,0.0,0.0,0.0
elems,20
1,1,1,1,2
2,1,1,2,3
3,1,1,3,4
4,1,1,4,5
5,1,1,5,6
6,1,1,6,7
7,1,1,7,8
8,1,1,8,9
9,1,1,9,10
10,1,1,10,11
11,1,1,11,12
12,1,1,12,13
13,1,1,13,14
14,1,1,14,15
15,1,1,15,16
16,1,1,16,17
17,1,1,17,18
18,1,1,18,19
19,1,1,19,20
20,1,1,20,21
bound,3
1,1,0.0
1,2,0.0
1,3,0.0
force,1
21,3,-62.831480754039
output,2
21,1
21,2
arclength,ON
20
0.05
